0.00000000,0.00608486,0.01505819,0.04791251,0.04018699,0.05760638,0.05274229,0.04580357,0.01027190,0.03996976,0.04017717,0.01753531,0.06011508,0.05265821,0.02115111,0.05017148,0.03966763,0.05028857,0.01999674,0.03047996,0.02376443,0.03065020,0.02566404,0.00372091,0.03466748,0.03362144,0.05266629,0.05438867,0.04297883
0.00751742,0.00000000,0.01108666,0.04558169,0.04378007,0.06091377,0.05103868,0.04307315,0.01354535,0.04356052,0.03738664,0.02088636,0.06344927,0.05435125,0.02454079,0.05000837,0.03950693,0.04760608,0.01607799,0.03396932,0.02718204,0.02775787,0.02271844,0.00501794,0.03094620,0.02988898,0.05411935,0.05427062,0.04021824
0.01718302,0.01285324,0.00000000,0.04365421,0.04548005,0.06121206,0.04989463,0.04078553,0.01694420,0.04777178,0.03428263,0.02318813,0.06411158,0.05370740,0.02738130,0.04874103,0.03673195,0.04559215,0.00846455,0.03982284,0.03253865,0.02327150,0.01658940,0.01549440,0.02546732,0.02425832,0.05344221,0.05361519,0.03752075
0.06160136,0.05874238,0.04872863,0.00000000,0.03825720,0.04901794,0.01062499,0.01056137,0.05324651,0.04528195,0.01483761,0.04229009,0.05003797,0.03488995,0.04699544,0.02006060,0.02269207,0.00529220,0.04070705,0.05667479,0.05392035,0.02542434,0.03189342,0.06137825,0.03010213,0.02751357,0.03459236,0.01548411,0.00915139
0.04960119,0.05233990,0.04947451,0.03671719,0.00000000,0.02717488,0.03406429,0.03968568,0.04155238,0.00908365,0.03754890,0.03099729,0.03030938,0.02521096,0.03553029,0.02749257,0.01587800,0.04065219,0.04921480,0.02219108,0.02647609,0.03520548,0.04140983,0.04938625,0.04850102,0.04719403,0.02450515,0.03471517,0.03788787
0.05235822,0.05436750,0.04904618,0.03466375,0.01993708,0.00000000,0.02920495,0.04078925,0.04645314,0.02226198,0.03939835,0.03870931,0.00306479,0.01790832,0.04203498,0.02237827,0.02288159,0.03755071,0.04861289,0.03187836,0.03502209,0.03767908,0.04253617,0.05220053,0.04743346,0.04647458,0.01748499,0.02819924,0.03947027
0.06335124,0.06100007,0.05172019,0.00948496,0.03236876,0.03814349,0.00000000,0.01871376,0.05560870,0.03887869,0.02267660,0.04545523,0.03908876,0.02505089,0.04981575,0.00975869,0.02002006,0.01327024,0.04665015,0.05148737,0.05560934,0.03101109,0.03848245,0.06314449,0.03682244,0.03442358,0.02477511,0.00578082,0.01740710
0.05730286,0.05408888,0.04433391,0.01026367,0.04055056,0.05619522,0.01995266,0.00000000,0.05151027,0.04662019,0.00921054,0.04083698,0.05720115,0.04244459,0.04542073,0.02914443,0.02556665,0.00696514,0.03559207,0.05490050,0.05216669,0.02070430,0.02700621,0.05697607,0.02308186,0.02016437,0.04215469,0.02468621,0.00495858
0.01136711,0.01385065,0.01659566,0.04671655,0.03796322,0.05770009,0.05218889,0.04643621,0.00000000,0.03771710,0.04091052,0.01229795,0.06054255,0.05209362,0.01639480,0.04927605,0.03737477,0.04975539,0.02255620,0.02853236,0.02122778,0.03071536,0.02590561,0.01117220,0.03610687,0.03492166,0.05210277,0.05405429,0.04352373
0.04602861,0.04858404,0.04838073,0.04057461,0.00847577,0.02836161,0.03809925,0.04263063,0.03851843,0.00000000,0.03989254,0.02866969,0.03128635,0.02652912,0.03289934,0.03196731,0.02112999,0.04424629,0.04813840,0.01497825,0.01897651,0.03527547,0.04085574,0.04582806,0.04768126,0.04646174,0.02587054,0.03870657,0.04095313
0.05398639,0.05053198,0.04004724,0.01557666,0.04150555,0.05907735,0.02599049,0.00981871,0.04848691,0.04605177,0.00000000,0.03701515,0.06214679,0.04628629,0.04194182,0.03522488,0.02814570,0.01661407,0.03065141,0.05444136,0.04959118,0.01464988,0.02142324,0.05363516,0.01793658,0.01480083,0.04597470,0.03107816,0.00736976
0.02370731,0.02665519,0.02742844,0.04379279,0.03266592,0.05609292,0.05028827,0.04346003,0.01504378,0.03237377,0.03690122,0.00000000,0.05946683,0.04943823,0.00856175,0.04683083,0.03255101,0.04739979,0.03219160,0.02344269,0.01838350,0.02503870,0.02765424,0.02347597,0.03830375,0.03689694,0.04944909,0.05250244,0.04000301
0.05265029,0.05458579,0.04945986,0.03301316,0.02141960,0.00295225,0.02775480,0.03947557,0.04696204,0.02365913,0.04000373,0.03950254,0.00000000,0.01687296,0.04270610,0.02117878,0.02334581,0.03579411,0.04904248,0.03292241,0.03595071,0.03851014,0.04318889,0.05249839,0.04790636,0.04698269,0.01667035,0.02678601,0.03820502
0.05681611,0.05920132,0.05192151,0.02941638,0.02197544,0.01535794,0.02293627,0.03738028,0.04980624,0.02473531,0.03803116,0.04061358,0.01621376,0.00000000,0.04456146,0.01483235,0.01750288,0.03284346,0.05137045,0.03615085,0.03988276,0.03838844,0.04415682,0.05662892,0.04996780,0.04842078,0.00333084,0.02174239,0.03581453
0.02475611,0.02742858,0.02812959,0.04366910,0.03358180,0.05482005,0.04955772,0.04336743,0.01690200,0.03331695,0.03742140,0.00596417,0.05787873,0.04878709,0.00000000,0.04642330,0.03347762,0.04693911,0.03244773,0.02195476,0.01621906,0.02666718,0.02903835,0.02454638,0.03869289,0.03741752,0.04879694,0.05156502,0.04023339
0.06100534,0.06065151,0.05129316,0.01838476,0.02651324,0.02945474,0.00980229,0.02771736,0.05317571,0.03309639,0.03172478,0.04290805,0.03041064,0.01621488,0.04731761,0.00000000,0.01718368,0.02221262,0.04906237,0.04584689,0.05001521,0.03404961,0.04100517,0.06079626,0.04589138,0.04346554,0.01593600,0.00846880,0.02639601
0.05674156,0.05780408,0.04668734,0.02517353,0.01834778,0.03605738,0.02390239,0.02929828,0.04744079,0.02616786,0.03016187,0.03524389,0.03908914,0.02222607,0.04048198,0.02019064,0.00000000,0.02972062,0.04595619,0.04131411,0.04480263,0.02873153,0.03638508,0.05649320,0.04409515,0.04209184,0.02189479,0.02627942,0.02722083
0.06026793,0.05720989,0.04736089,0.00544847,0.03978961,0.04976369,0.01417744,0.00666441,0.05291697,0.04630082,0.01481652,0.04276151,0.05070915,0.03666852,0.04712288,0.02292326,0.02536236,0.00000000,0.03860841,0.05609462,0.05354155,0.02544499,0.03144116,0.05995700,0.02599410,0.02321815,0.03639268,0.01868134,0.01036167
0.02428815,0.01958651,0.00876841,0.03781131,0.04734037,0.06373325,0.04704700,0.03393479,0.02403931,0.04972837,0.02715871,0.02836078,0.06675457,0.05591334,0.03273008,0.04884077,0.03822478,0.03868725,0.00000000,0.04569427,0.04002864,0.01862134,0.00846616,0.02233862,0.01771703,0.01645723,0.05563700,0.05155909,0.03053286
0.03274759,0.03511525,0.03721972,0.04706427,0.01918240,0.03760704,0.04662915,0.04715125,0.02727267,0.01387549,0.04364227,0.01942456,0.04031687,0.03590919,0.02017790,0.04094779,0.03090680,0.05031556,0.04104537,0.00000000,0.00725395,0.03588416,0.03798489,0.03256177,0.04653830,0.04540839,0.03529901,0.04719185,0.04532654
0.02656796,0.02903540,0.03176261,0.04737718,0.02385133,0.04305239,0.05245471,0.04709866,0.02124998,0.01832079,0.04244981,0.01600635,0.04587642,0.04128300,0.01573043,0.04653393,0.03579203,0.05039632,0.03747726,0.00755963,0.00000000,0.03315956,0.03534882,0.02637432,0.04426268,0.04308515,0.04064710,0.05304111,0.04420506
0.04470233,0.04092847,0.02947415,0.02912685,0.04111669,0.06036801,0.03760082,0.02435162,0.03978406,0.04418299,0.01600462,0.02741987,0.06408977,0.05073517,0.03280213,0.04079116,0.02894581,0.03100532,0.02291513,0.04769186,0.04211105,0.00000000,0.01285685,0.04431862,0.01725688,0.01570502,0.05039477,0.04315897,0.02016101
0.03493930,0.03147125,0.01950979,0.03356672,0.04491382,0.06347081,0.04402166,0.02917844,0.03143001,0.04761708,0.02150782,0.02804286,0.06689098,0.05461854,0.03298898,0.04641840,0.03459484,0.03529297,0.00958382,0.04807234,0.04294376,0.01181502,0.00000000,0.03458668,0.01259383,0.01116773,0.05430573,0.04912941,0.02532741
0.00404800,0.00494263,0.01402943,0.04820424,0.04038103,0.05802070,0.05309511,0.04606863,0.01008763,0.04016105,0.04037108,0.01744289,0.06056112,0.05300996,0.02110441,0.05049178,0.03985510,0.05061035,0.01903044,0.03055124,0.02375078,0.03072363,0.02567442,0.00000000,0.03392750,0.03286823,0.05301814,0.05476230,0.04320818
0.04161823,0.03722071,0.02641937,0.02792043,0.04632513,0.06192911,0.03714182,0.02181340,0.03852300,0.04881049,0.01598776,0.03362845,0.06494575,0.05412130,0.03799100,0.04531074,0.03646014,0.02611748,0.01766454,0.05005972,0.04553625,0.01396235,0.01108287,0.03996856,0.00000000,0.00329579,0.05384540,0.04164693,0.02065326
0.04229988,0.03769249,0.02637566,0.02669192,0.04723142,0.06358010,0.03635341,0.01985650,0.03905693,0.04983540,0.01375283,0.03392879,0.06674071,0.05501996,0.03849954,0.04491218,0.03651592,0.02436599,0.01720300,0.05114425,0.04640489,0.01332412,0.01030722,0.04057148,0.00345309,0.00000000,0.05473089,0.04107351,0.01907792
0.05781077,0.06011016,0.05167198,0.02900667,0.02151277,0.01607033,0.02248044,0.03702726,0.05075100,0.02429229,0.03768277,0.04149291,0.01693224,0.00335455,0.04546890,0.01431884,0.01700837,0.03245814,0.05111700,0.03578908,0.03954755,0.03804259,0.04385203,0.05762225,0.04970437,0.04814633,0.00000000,0.02127806,0.03545036
0.06147992,0.06115065,0.05244177,0.01309467,0.03165188,0.03465462,0.00544013,0.02177959,0.05419367,0.03777816,0.02550889,0.04463859,0.03554418,0.02233361,0.04874212,0.00794263,0.02070239,0.01665687,0.04806960,0.04964377,0.05352281,0.03335220,0.04038325,0.06128536,0.03882107,0.03656358,0.02207408,0.00000000,0.02054994
0.05721721,0.05379489,0.04340757,0.00949680,0.04121653,0.05787533,0.01981387,0.00536662,0.05104912,0.04767961,0.00726450,0.03968395,0.05894647,0.04323333,0.04456484,0.02960148,0.02526130,0.01120028,0.03409905,0.05611637,0.05174810,0.01824619,0.02495661,0.05686924,0.02309850,0.02041336,0.04292464,0.02485426,0.00000000
